2000 2000
623 11343956 38993596
240 2983878 16207870
645 42014456 46195608
1802 4014360 9256584
994 57609744 59615224
894 32530086 92699878
133 34177107 147629299
1164 15431858 28033818
1674 4577408 47723742
755 12408278 43112764
930 3184610 38276524
305 3196413 635668813
645 271200 1861305
760 11762928 18553390
1758 36798424 95012776
1310 43468386 210886754
1986 4581530 12643066
1782 27238680 210750120
1112 7941440 104221888
304 19463508 33645748
1545 60290416 64202592
157 3685156 155101668
463 12528096 31672454
742 1025352 3940304
1464 4932900 88507828
26 26844720 404948320
1382 15828870 32507118
775 1373 18769358
867 2313425 14597809
1491 4498480 68773304
452 138528 2316740
383 15271941 100116357
884 23916744 41832632
1624 2097063 173155727
1956 3585030 153673606
1849 47858899 241064203
1613 21687660 31871972
1333 18989544 580775880
917 13025480 23918298
1017 6522732 84611732
130 18019900 402543836
830 42973866 357133322
1295 200420 44026412
1891 19236320 33955056
1035 30881916 32947324
194 65802325 172024501
1234 22740630 76585470
788 3902508 10722864
726 3572358 37473566
1383 2441868 16482878
1999 3881930 150262946
197 84867 84136883
708 19808740 89309444
556 7304936 86041176
446 74439474 174418794
1667 779214 2004586
460 6728080 21011312
584 2861838 43195038
692 970571 22077118
705 50935896 315802584
444 2762006 4841248
225 7531290 13480423
756 17614144 36110048
462 16474664 54143000
1405 11502400 14177568
744 3628020 6658797
604 4192500 4614091
924 2022504 28097538
1627 1074465 269826193
429 62985 726460
991 53102979 402215811
1928 2860260 215274564
113 18575480 578764712
175 765750 347985294
311 20862918 22408966
1166 28392650 327522210
748 12957578 60736682
580 26223520 34057110
322 14882973 149033405
356 6797216 13085440
1981 603834 27925558
749 57195297 188387449
954 74372760 75846658
118 14210152 18028816
1717 14415840 18438023
145 12157361 23642513
1230 5201924 10397585
1698 10730140 26647756
1293 48510964 67770820
1439 30514682 77829122
227 1120704 48502464
325 17647050 450202002
1092 20169048 20632728
822 13216591 24342974
460 21011314 22997298
1068 642564 19760678
1992 25300704 438186784
1742 381361 619838
923 13621305 32787777
1944 2193480 8516640
356 25421060 33500618
603 45909826 63945462
1252 28381360 46998128
1970 39320113 48851089
997 16793944 97434952
515 20477225 41028625
1617 38044409 42748494
1319 30273270 71475226
1771 45023487 75019519
1736 13662900 20938678
1737 1000452 162904556
1952 37399950 129420726
1595 3092212 445149172
1651 6823232 7393256
1326 28616565 28621669
572 10106997 140826477
1339 27403250 38803323
1472 39868696 77839701
278 28866816 69114024
645 1861307 14204448
28 22798230 24444742
1049 50811570 347503570
604 4614093 125746733
947 37262720 39478387
1619 21643397 37917798
1037 1938684 17732484
1582 32861829 445477637
1297 28206360 28695064
1761 13479210 166880290
741 4244184 255910280
1565 27633408 29059468
1090 31898336 67296178
1241 10910460 286791140
1953 10020077 15056718
187 48831666 150420538
244 1337670 56724208
282 29687950 36647566
1994 5691673 6275566
1472 77839703 119512295
1686 21027300 28636676
1397 5581413 8549973
1058 61445216 243602720
1656 14012186 292422386
1918 20970623 125103191
1603 40312073 55848713
1985 197816 242768
1091 2574660 10757604
481 47563096 197555480
336 53475196 84028956
28 5878734 22798228
264 7297274 305236538
1037 19427405 33948601
1472 5365476 39868694
1653 33833808 159325768
1766 68209024 305840960
1920 6338016 50876040
1537 13562681 107726681
1555 56369705 443234633
1846 5901383 15354430
871 8484696 18904056
169 2267175 3416740
292 23813140 236389140
975 231942 3041978
387 14009125 40319045
1207 16572006 35571566
360 61138140 124962956
1764 20562535 24254335
1113 50990178 486928002
366 12407304 32424447
373 22726720 59254077
634 5115693 71950461
996 79013 70483525
1734 25420439 207060023
395 3287893 3493488
807 15015130 179042074
866 65814 21775814
191 59200186 541454986
371 2139310 62574448
1822 26814326 30488486
655 7334184 17588904
333 23038932 72649746
923 96489 1651577
278 588126 28866814
786 10991848 434013928
484 35703657 611237561
277 1304000 97217216
1864 1012284 11498377
123 1885050 38615463
695 30742364 244860492
1638 1345467 134392667
858 11348505 17451929
1613 31871974 76154363
1315 35193060 138734820
1494 21894645 587062509
1767 17995596 25044248
1051 70138600 476206328
36 8400900 151202628
1767 58913338 85598738
1658 67721280 81321985
162 8197821 10602698
494 42353124 57795252
896 34212704 77218520
1297 7797368 28206358
1920 2035500 6338014
1444 26844268 340256108
707 56776438 237553678
1809 15683658 81446058
1225 23429718 46089126
614 37454730 42442746
1229 33090256 33121984
1853 38001040 56642704
875 8041797 42332157
294 780660 72697128
493 4931900 5566808
240 16207872 50294528
1434 16434563 21411347
954 75846660 85281708
958 51217200 68779248
1512 28815246 29103126
921 19910952 26311998
743 29380129 33413601
467 64803255 134253559
12 67152312 67265336
1416 553280 3186146
166 44853120 53557704
574 2999430 37713342
1666 49895447 51274391
36 214250 8400898
675 2001564 3915598
23 49151176 343553944
1927 3306300 17498218
954 12206052 49633420
566 31406199 155677367
1180 776600 36090230
835 6453519 204033519
1984 7138440 24343902
1876 12580890 13034842
1598 5747148 6834805
1295 44026414 53363374
981 38711400 39016430
171 548416 4272423
59 50345365 126002581
1568 35328834 87738354
1407 2466124 40550444
69 15371608 34813184
559 2691576 3583736
479 9756912 13167364
1326 5040972 6599302
894 186787 32530084
1728 53257798 366807718
1058 11885680 19445888
788 10722866 76979210
748 68596859 139522619
1791 30193826 411792834
1976 44776054 53259958
1465 50342464 483540976
1068 19760680 509404120
167 2390004 150881012
514 619428 350843196
1381 1673056 46502597
1234 12705106 22740628
1500 500838 2920104
1632 61198311 678363687
116 69504768 157243536
717 26028212 51670734
17 2522416 10860016
1133 9618037 16147717
1287 41866266 182415594
505 13476372 273220324
483 7246936 13464133
13 16817220 41522075
738 2722500 15561700
1842 57382140 65034204
1475 76279892 259710420
969 1451300 11401414
176 10498776 411591336
1253 9358875 30963148
985 15829154 22689602
887 12167887 13684927
1215 25019049 312618033
1079 4371112 13835544
1291 12536832 386537424
1054 11529602 424848170
1549 6226006 12155606
1471 8133387 274693387
819 26440746 46422640
418 3953740 25651949
1750 27370182 109216310
897 7050852 17004001
161 27504400 50716000
232 36578040 69693720
271 4048290 196575074
79 45884904 46693984
443 22813402 41782078
426 32689392 59931312
1788 5479248 528197152
1659 26454225 43113958
1876 63714114 366540482
418 287426 3953738
424 32859567 155343615
1514 3100860 334370116
1845 4542720 178553856
24 22999680 477849168
78 274700 77788316
1480 7687530 429742506
492 35700544 110500456
1029 26069394 37477362
528 17423175 59441095
410 3469320 19251120
1003 713024 36113452
177 85437332 149548852
837 27110508 293960364
1792 70765424 420425384
438 43287489 47986001
92 258129 7396689
745 8225010 12472702
1116 24471447 63417495
1665 8666970 17986202
1742 619840 242173600
1954 467636 67468148
1097 67953756 227979996
42 190897 6002314
1481 49145256 57049254
1457 6393842 78672290
347 15132932 103862916
745 12472704 46156536
1771 7795404 45023485
1795 30715776 34273032
1903 12151659 57078891
369 30926480 44396570
776 33348964 45925892
96 4364280 55817680
1318 7741943 79739951
992 11236160 17684323
667 29810628 216232220
992 17684325 85981477
985 2244432 15829152
798 44813120 84933392
1145 24499586 52158776
552 40393524 54438132
224 30049320 64266046
699 7964638 101496222
1641 7586511 29029311
400 32106263 588545079
1414 8188730 14994170
156 55930560 410722272
253 26920228 262674148
603 63945464 269815464
865 16576656 21104912
1526 3826096 75000392
397 79378560 83743488
1455 15745397 89808085
1949 9389094 123740094
761 7633750 44642830
585 2003550 132597006
9 16364040 29505792
357 29398456 318819512
713 14132090 79011330
1773 14344022 147750038
208 6279070 28056286
1183 47211923 302432203
1909 24683260 25542580
1105 1041352 21583102
110 14578904 380803800
1736 3601900 10827075
1506 31629479 127861559
722 3511784 76222136
957 32323450 89583450
749 16210027 54451623
483 13464135 187724263
1953 15056720 41875054
69 813912 5756408
414 20758194 35727282
74 18435186 27295506
176 5310425 10498774
1255 71845640 101290056
35 2965350 6850579
1921 9965396 13075263
1808 3168234 15210538
927 18041697 35170977
1526 789396 3826094
118 77554620 229216380
367 7766640 168072240
1759 26629602 112081122
1037 33948603 37090163
1853 26849460 33941860
1101 28794488 482726360
1050 2524616 46070696
1525 21155848 584713288
1503 2910552 6145120
38 63958180 192415524
904 30642670 193339126
897 25436120 44301088
1195 29441937 35926257
1345 940345 33919378
1336 11167142 105056742
696 313385 1494484
1864 18711036 150128892
231 17762944 18224720
458 11210976 21871918
888 2552968 80687400
713 3152526 14132088
1669 7804672 314736480
802 19709995 41374397
1105 21583104 22580064
1219 52950549 717004533
461 39405888 70959288
768 50320054 567198046
1544 3190152 18184660
400 31437042 32106261
106 27901695 74654863
1228 3017697 4979265
583 239844 17964932
35 6850581 430922085
1152 218196 26306998
1872 27787580 557768012
61 30616520 31670792
1937 7862200 92297400
1408 6057793 23708738
223 8780640 60115168
194 28746704 65802323
799 40717887 496745727
1639 31572450 70578378
289 6591604 105539140
701 13425240 113229672
873 11239675 17414827
561 1937772 2304575
684 9987946 17421050
465 41414230 81584262
241 7963872 43239200
735 12671620 14631598
1482 3219097 507527385
1685 16927605 101123445
1778 8393715 720291251
1434 35178011 92733923
1998 16921520 535644464
16 11075823 66611550
1294 19942400 97205208
1774 12241152 46487952
735 14631600 379021472
917 2626213 11329563
882 55765956 424269676
1495 20052228 275559908
42 6002316 9224028
706 526383 20516298
1317 10253980 32853100
1806 20538924 39030262
1015 36989365 50656853
1447 58398976 67309678
1507 27925854 113852894
623 38993598 53853894
37 14107301 27551381
1887 27557275 230517531
323 139776 170355
123 38615465 207550889
1973 3022614 8986542
663 681380 8974516
1509 881280 57048384
1405 14177570 264517322
309 6968372 72591023
903 34465052 258644852
755 10570560 12408276
1298 61716851 131742179
535 43104505 373300281
118 19937185 60740097
1990 3628456 4059636
919 11820100 23649132
576 5796336 292115952
1882 24570036 252715716
742 42256566 563489366
763 687180 269459796
1963 58513680 316116080
1340 8473690 384966490
694 2051750 63473670
1012 10217193 184839273
1750 5399400 27370180
13 41522077 71903357
1369 6162772 20764728
531 23820880 30730942
1270 2146560 344452032
246 28495520 47317116
333 72649748 109903004
1991 36295805 382147181
777 18544 1257124
740 408524 18862148
57 61255485 65878565
594 854392 40054526
463 31672456 39186438
30 50025002 401008858
81 15948328 38225128
1428 64420363 273022603
1489 42808578 223980162
967 16940300 18047223
667 2005626 29810626
1195 7218102 29441935
1553 9871626 58948458
944 1661810 432643570
1165 2080820 23186492
1796 5256875 57347675
1178 16616028 642000348
1162 2863868 352237068
1787 2801388 205981068
815 52209195 246713379
673 6120904 20384584
650 1538495 4055280
1173 13745210 17605118
1960 30415977 270155961
1144 2348275 4608067
652 340368 3296400
1891 53475102 71489630
1321 82097643 425090699
90 5234268 181105836
212 173370 6382036
1351 23459338 455165242
1530 22744983 24077783
220 8321514 8635114
1506 12163728 31629477
1077 5802830 10555380
1658 81321987 176405163
1921 30291100 169060252
131 24849825 37613126
721 53330701 72716250
1698 655040 10730138
1404 17237842 53839062
624 28257120 169271656
1660 19753650 656059698
1609 2643459 87762051
106 3756084 5559749
1404 277752 15082398
385 419265 59257849
1211 4635900 10287484
213 16150752 70839936
1674 1627776 3638496
838 15039594 180018594
139 30217392 177052704
1809 3214400 12429358
1278 9016805 21485053
917 11329565 13025478
1783 1965306 10325710
545 603988 6726100
207 32787894 167035830
1649 20918425 25118988
236 21436800 45969912
783 22800394 27421402
1945 6176616 286080960
1118 25363140 49544038
1408 23708740 124457076
1280 21808116 272026100
380 4978611 43683603
425 18922080 84276544
55 710448 37812880
1092 10491040 13098220
1583 27701784 497749064
475 30837374 34135720
889 28772616 152426744
1334 2659722 97574602
1692 30212520 208590480
479 1351572 9756910
1246 742272 261465952
591 32853730 80793458
1426 910800 128532480
1939 253970 37420396
1601 1386840 6839985
231 4241466 17762942
1985 242770 4400588
448 20859140 77741084
633 9964647 39298096
1248 30803913 33490681
282 365760 29687948
1589 16180350 17194958
76 802264 20836176
1767 25044250 58913336
760 18553392 46542288
1475 5283000 19338048
936 3616228 35397248
551 13873752 226498128
1059 2439579 2444830
1893 69790140 535645460
449 54019522 289183538
1950 18724960 331866976
1184 1016880 229598880
1823 62562067 148032259
1316 38977616 221944528
1780 3614832 6097144
1255 17723798 71845638
1974 7151010 48010870
534 9978363 22682248
378 13138163 25825822
992 7344656 11236158
969 1040128 1451298
1007 24232824 65363768
339 25856610 126603650
565 20326068 32643993
958 6680428 29720178
522 44994840 80262016
1297 2342600 7797366
164 1010322 71956242
993 4206960 4923998
1462 3143070 13575870
1069 54713736 96665256
631 20537860 67489684
1087 28663929 88431681
1372 15571767 20120181
1720 18494608 78971904
1601 6839987 159309419
407 3437767 4315231
1307 4296656 8868361
237 32391010 451207762
1909 19522650 24683258
1030 1197656 14383873
908 43202332 509871036
1776 1934976 88404480
459 19004240 23428339
1930 22083588 121867748
1715 50143352 67916390
242 5993248 28536208
1746 60077445 355103877
849 4598594 23739170
1091 41496775 96482167
1943 29488162 313971666
1007 459144 19044870
814 7571880 7844629
1084 4346356 27810443
835 5004562 6453517
924 28097540 374564108
1832 17897685 27753982
1339 38803325 268602541
1970 20781990 39320111
1580 32946465 39725278
616 9667800 552861024
1947 3357270 20901478
1982 2451328 57208318
854 27485941 385757413
984 19790796 131379796
1256 14916732 23252536
1123 17791216 287242216
1299 55960347 256765435
1436 43339325 105780845
914 6261772 23049906
1382 49204350 84803550
605 25428 123324356
697 12988752 296812880
665 8280084 170680548
313 5229106 14844765
774 13336960 222794400
1370 32384875 150499627
505 8120679 13476370
720 47315150 164699238
624 25994052 28257118
551 1791684 13873750
159 14224950 299153310
1254 28829052 121688444
454 76949616 90993816
866 56770836 103769988
1390 38211272 188268632
162 41039192 70440254
1081 5691060 54503860
1353 2702436 29903573
1712 43175070 157658046
1795 81832356 206969940
522 20413593 44994838
1905 2018973 32469133
675 34476374 73839054
914 59316860 173273228
1146 43068522 122438122
918 44074548 72975540
1815 21612064 66302242
1243 576714 140309706
369 5770190 30926478
1716 7757176 108831176
100 28721376 136483752
842 49024710 65811590
1324 37942696 40406238
124 19555410 96822834
1840 719062 3847638
1864 11498379 14161963
1089 1732416 162691616
212 6382038 33872326
294 72697130 75437162
228 28102464 382945752
877 19681152 88109552
49 5229760 9301301
519 9019672 79990072
147 11235327 524052471
618 11121650 101256002
333 16628346 17187064
1215 3983996 25019047
1226 8122176 349162848
623 3514752 11343954
1643 2400400 51799920
1725 2551630 249000110
574 49871030 72333886
1598 6834807 71525406
1862 11662196 298840748
1066 2047890 68974450
1224 6657750 11187682
1720 9759064 16019404
838 1048473 9250198
1608 1784784 85293544
1626 62881912 206862392
1387 16158732 36627958
251 16180884 136473996
1474 2332176 20078736
706 20516300 23863138
351 1296666 16609818
925 2064567 429723607
298 5576484 15464228
224 64266048 158981760
127 15537225 66048441
538 4055912 87485096
697 10817202 11755006
1884 3753816 359443976
242 28536210 205737138
352 12121889 89955569
1958 19396251 73962510
1167 5747932 237454972
609 772149 6432949
1114 51412592 204990704
977 51363714 66002898
370 25870544 300041936
670 4295301 4418053
174 282825 119215305
214 27994176 495325456
800 63433050 78764002
356 33500620 240712108
478 11209296 302549016
963 38379975 54722583
1317 1585099 10253978
580 34057112 217866872
275 49493090 72383554
1345 33919380 379518740
138 2038858 112553738
1981 27925560 77079288
948 5485520 449735184
1575 4195827 6846178
1448 48933345 278007073
1869 30680035 110761675
1475 19904892 22445580
1438 4733904 12313424
902 39138106 269283106
1994 51864876 102958308
594 40054528 270647808
658 4623640 59960728
187 33774165 48831664
166 378432 44853118
706 23863140 216253908
736 1545268 311619748
964 1013980 4057768
342 38495262 192797150
1745 2608200 19548360
814 7844631 85885519
1572 19045253 41788661
553 41220083 57226707
869 34272360 85271512
511 64635435 64943435
812 40711500 111753900
1745 10486 2608198
1326 2409048 5040970
852 3006656 11025628
820 19955719 38499711
1090 1284172 4319638
1603 15920096 40312071
536 56302632 70467720
379 37153305 89023673
1094 1138592 105054560
632 22639729 172761505
110 6903630 14578902
72 3427050 29104266
1948 1629375 17783359
1785 1872010 36152257
1962 52560655 282717535
469 37524270 238761390
1719 62618493 427478173
1217 11440800 274868224
139 28628628 30217390
832 39468727 43688399
1753 42270093 132686733
1869 10008363 30680033
39 3737390 328464870
898 9860373 10611333
239 1196591 29262863
884 68127950 393219630
1933 626790 227992230
1597 50334976 83593344
20 2692536 525884688
1227 3088906 29200578
1616 14345188 444397556
561 2304577 2825377
1055 40703490 139649490
712 15105408 44739270
1802 26932170 288524890
1164 28033820 199402420
1189 2785226 12588923
1170 16471402 222545962
162 70440256 87438528
373 892330 22726718
1079 23080288 319833568
488 33786680 297902776
714 8674306 18495666
399 49103934 70651902
625 39430602 139523490
83 1250730 47065202
156 39997570 55930558
1027 64412148 292277076
521 948352 4153198
1525 8182512 21155846
1366 3230071 40419367
976 3194679 74863607
721 27230231 53330699
1938 22640816 57265648
1457 44608 6393840
1832 27753984 311195736
1468 18510240 27019424
1197 621086 9909898
389 80525218 549778026
1208 24869200 425233288
155 20625956 174568108
1688 65248696 69690928
960 11219846 11951726
703 14810264 187152672
598 52288 10453328
1602 52845704 88397240
531 30730944 54664389
104 4568190 9422886
1652 28794262 437455102
171 4272425 49470553
193 37999440 409976464
1275 12852854 34686804
85 3548878 192827470
874 861834 1682775
1180 36090232 37617544
1431 6266625 156897537
215 5327280 13562215
675 3915600 7100688
1895 46527156 48874678
293 55690260 326432660
1354 57583 430888
33 767904 25274853
1593 126973 1709314
818 5422296 27032000
1800 51423192 192191512
1893 3971716 45365236
212 33872328 362094024
459 36638280 71449952
333 17187066 23038930
321 14389160 168465056
1436 7833480 43339323
300 42761170 165938770
1513 6946290 143004898
1492 48747039 196306319
743 29322446 29380127
1 1 16210027
1727 19437204 337671300
1973 25787874 33772098
599 3010024 122710616
1197 9909900 133997004
418 40094001 258420657
1465 1821232 3673318
1233 39991744 69366560
73 43022144 539725904
222 23755350 63453870
1969 2166157 21603597
140 22754245 24172405
1634 982580 367476836
1996 67066965 77821614
493 1488876 4931898
1934 48172488 62627446
1359 27915230 32384296
1914 1763397 478072725
841 2776716 11163768
685 765306 61254794
1622 64168608 65243992
1244 14044224 264723744
1657 4313745 33409105
607 12578475 18254584
752 55340138 223083362
1676 4138992 183809072
1936 4117344 559146168
1823 33047586 62562065
1630 5430200 14767192
1047 19445838 20047901
834 56294322 291254426
612 8003464 10034811
1056 576576 621190976
1982 75030594 123856098
1702 50253251 58873035
492 21621174 35700542
967 18047225 80342601
1931 13180025 301159625
975 20682270 26633062
524 9589415 22479655
1856 13544355 145378499
1307 8868363 401423955
1062 68324648 146554760
1559 33531729 257523569
284 49838157 237119317
374 27872316 61332300
464 7611008 12800192
761 1283118 7633748
1538 10072489 103149929
942 45164274 108465034
1517 17167348 21501786
1957 47672151 657692631
1309 18348240 90375240
1450 6889440 101299680
1406 8196045 401603325
1594 3727074 7101426
1077 10555382 16373942
739 9245182 226563166
974 72572774 255761638
907 1225440 188825360
1764 8227476 8981652
1855 2066220 4038917
561 72998757 518226869
1822 43559936 181264544
1032 28662052 33625948
1447 972594 13856546
750 24347544 36238104
1524 7889049 11376921
364 2656896 19464864
1920 57991828 108368780
1517 21501788 35614673
1038 4453776 79239344
1456 41982531 108727811
684 17421052 336504316
1192 11083110 326688582
675 28461876 34476372
362 21862512 96133296
313 14844767 106531903
1467 4208574 65407648
559 5248404 67809404
1008 1104890 6236898
1109 10166920 27969628
1837 36340420 58630531
1756 13015230 46789965
1286 64010 7235042
73 29102136 43022142
975 7628064 20682268
1002 24126070 30612976
935 74281200 411245280
787 6561924 301383348
712 44739272 120882608
841 18781776 278947528
1242 2578238 14610691
279 84282774 441239830
958 29720180 51217198
747 28838876 193337084
1593 1709316 45650812
248 4704120 100622376
185 11746122 27044054
181 2036800 46108330
1173 17605120 434266680
322 6979266 14882971
1003 36113454 165605662
1132 4316421 42749779
395 23792571 50400953
789 6059763 37144542
1672 3173154 219264210
1029 11464875 26069392
742 3940306 40169890
560 5604525 111670861
549 62502825 453528225
1719 41666340 62618491
385 62930316 83685900
1077 4173144 5802828
655 19035097 32569248
1357 35953632 285946704
613 11052506 145319130
1160 18188300 60386008
692 39335520 298878880
141 42318222 61237262
1140 147368 462575704
951 1169144 8788560
645 14204450 42014454
1965 15113466 60891898
1801 38971360 75815600
756 36110050 38164642
1359 32384298 257098162
1220 3947323 103803811
1354 430890 69808890
1542 13520702 25636094
798 12288736 44813118
802 41374399 192552015
960 2341952 11219844
395 61808940 178897404
377 39850467 504069243
724 328848 20261264
1151 48966384 198821424
1990 4059638 7936174
993 4924000 45233776
1441 3912000 476225408
1032 53213292 243039612
908 31582200 43202330
131 37613128 281312424
225 13480425 234854561
1880 47335792 175615152
1837 58630533 95761821
240 462348 2983876
1462 2342772 3143068
1782 24467401 27238678
1617 991344 21045205
609 635995 772147
738 15561702 115664838
868 57191904 431005680
875 1349634 3151870
1953 41875056 230576432
5 9341262 76462918
1718 24742300 34015320
1562 7020108 90556236
181 1290426 2036798
833 55159255 491568919
146 43199507 64156211
383 2528716 15271939
669 47703024 51306184
1785 36152259 103063443
1416 3186148 31183348
796 18155123 52721011
569 9298598 36794894
525 156465 24403396
100 17338488 28721374
1169 50019147 105574419
1564 18441897 18592857
633 39298098 257404418
55 56235018 324695442
754 3711800 15366478
1182 3250612 598247860
1535 21156745 288760657
1982 57208320 63025600
169 3416742 39286034
1950 195375 18724958
95 65035920 172768656
1371 21844512 31779037
1500 2920106 7173898
882 13441245 21525278
830 3808880 21002218
949 3326061 504018149
539 49137854 54975686
1973 8986544 25787872
1484 7424043 63377979
435 1179360 8054208
205 35556758 527374838
709 3227140 6817444
769 10212 309509940
1045 20585012 151848316
802 570130 19709993
663 8974518 23059177
754 15366480 455807544
513 9603360 38255664
1515 11730123 81782187
1222 13453506 40248906
471 4527964 57286252
453 719984 21226930
1480 2953481 7687528
554 194020 7667627
1425 32635638 415761150
1420 15531831 130053087
839 1226456 85279160
426 363044 32689390
1890 24436078 340027006
1681 58404510 239450286
219 10929714 20754130
887 15210552 23948616
699 1868640 7964636
1309 1684493 18348238
1978 4963395 405454739
978 53092806 220137670
1579 27531882 33135071
1395 19992648 64312336
1053 85532940 268572812
1403 31573192 128431256
740 26690632 60880312
1911 11903760 12958368
1369 20764730 324263002
1121 4266660 38218362
1898 38188270 104255246
1446 70191666 110178834
1200 29928000 578072640
1615 10640943 11940703
1536 29864720 522331760
1356 3622294 613549654
1261 19310334 64861686
875 3151872 8041795
664 1459930 4763734
138 736935 2038856
1407 512825 2466122
461 19827710 39405886
1091 1170208 2574658
1883 38348492 436656380
1996 38796480 67066963
1830 26093958 156060758
755 43112766 535053726
1372 36888181 48077821
1732 907241 70756841
1602 38050050 52845702
518 1499205 2016142
1365 399840 39234328
531 54664391 319135831
962 41940032 75331232
80 5771465 132005745
1903 7188669 12151657
34 7062981 85543941
191 14015420 59200184
775 18769360 35694160
89 28423344 96844208
721 72716252 489766172
1071 1605773 2741832
1274 2978304 169822208
757 27587692 33029988
1319 71475228 393576876
1008 337239 1104888
1170 11156743 16471400
1022 11568843 508286979
921 53964750 167417310
1338 23364642 28583482
1267 14516001 81533009
206 36643620 66764844
1133 19963835 222447587
1329 40991250 41544221
652 14099584 121266544
1310 12007853 17423836
838 9250200 15039592
1715 67916392 99172840
463 39186440 166825592
72 115346 3427048
121 3608617 3988825
1078 3497328 79317936
986 44667840 60561872
1515 8435215 11730121
1178 1985893 16616026
57 22663520 61255483
575 14431272 51442792
559 3583738 5248402
1691 35289486 64898526
155 1912304 20625954
447 32819860 124879620
1559 16603640 33531727
1465 3673320 46520290
346 1708463 45049893
757 20308542 27587690
1653 23964472 33833806
1418 37251123 72455138
856 21675830 89541878
94 764530 185789042
261 27247124 122665844
221 6586092 465534692
1938 20512596 22640814
1659 43113960 58635840
1713 28471524 517308316
69 34813186 151993378
444 2426530 2762004
446 47213173 74439472
1572 939600 19045251
725 1121890 1393564
870 10019616 479216400
565 16164810 20326066
1907 3726572 18754078
1250 36929256 126374568
1605 35994400 245374144
1077 35227571 50403428
405 11061162 35644440
106 5559751 27901693
1504 9390956 14388710
1002 22318384 24126068
1920 89344 2035498
1335 5202840 445340592
828 67007010 344136754
316 24307280 335212656
1580 39725280 106356592
1801 4396392 38971358
1010 32691134 71714294
1626 14177588 62881910
14 11743760 21593978
409 10298225 27446671
306 3690682 85000570
497 2332660 25767244
521 4153200 496271832
1232 23675811 51150115
1984 24343904 37296032
275 3616068 26248468
578 54683476 89727100
613 3582568 11052504
912 31427392 248767792
601 26797980 176444964
338 1537704 7446029
262 2773248 27749138
730 29428218 40623258
260 246198 108980598
491 44647493 306503941
269 28067360 47618752
1007 19044872 24232822
816 10146357 323899709
655 32569250 295979354
1224 1388192 5647960
215 369900 5327278
947 7271860 37262718
1209 1070136 67264696
1696 757344 38998264
413 15634944 151839848
595 770880 70076496
826 26341372 27781722
822 24342976 31326920
791 79307280 312518160
47 20822112 116470032
822 31326922 176404426
1136 81576 8349023
744 6658799 206158447
1503 6145122 7006962
1012 2431620 10217191
1002 2293855 8195522
1384 5943780 41685052
1887 1518900 13164718
1035 1200745 30881914
1328 5392332 12447180
143 1808169 12292329
969 11401416 174621896
656 47825472 71454224
918 25192310 44074546
1047 20047903 52360703
1300 24067602 425433602
236 9032772 21436798
696 1494486 170125494
793 182886 18864151
913 64342761 106749321
286 2448372 16159732
414 64173729 146603649
965 1258368 59382144
1404 53839064 151726808
687 17665908 99362692
243 25867797 86271189
1550 38025114 501294354
902 2725500 39138104
1666 15510874 49895445
1814 3445053 5148376
663 23059179 175549507
395 3493490 5157848
554 7667629 120275629
1827 10321160 31877960
160 523200 647392
137 3528200 69308200
280 4900500 443896724
1616 2134260 14345186
1497 63514770 387619698
358 16082976 47558448
1717 18438025 28580289
1617 21045207 38044407
1490 1172234 4053434
1064 1863366 2604246
558 8999309 14603349
1447 67309680 147814936
602 15939529 253832137
1073 21248762 75145588
982 61094285 142072893
757 45647795 589870259
1705 22740606 82400382
1230 10397587 43527187
1720 16019406 18494606
378 25825824 231025824
1697 7794663 256514343
1365 39234330 222135986
1622 6610560 64168606
46 65554230 67056758
571 17797200 168007776
1315 9683874 15582186
320 29202 9336110
874 14078116 194508324
546 17257701 162532389
464 4779780 7611006
1280 2604357 21808114
339 5466375 25856608
185 281390 11746120
44 645150 4583669
1152 26307000 31267500
882 21525280 25627586
1446 31440060 70191664
420 46250940 139891116
1607 19837104 136792104
1030 14383875 14785132
1183 16862234 47211921
532 37683581 386265597
1727 11062572 19437202
1242 14610693 68473429
1073 75145590 188645782
1090 4319640 14975998
1780 9380940 123680492
1854 5929188 23291508
1371 31779039 175093119
204 3501582 18265394
493 5566810 275594938
1261 82512500 103544628
1681 18474442 50791394
417 348743 1601543
1758 34774230 36798422
536 43613414 56302630
698 14839572 22776852
485 2326668 213194124
1636 17210052 36228108
917 23918300 264702636
1910 12425400 33366600
1600 12401148 173245692
717 51670736 63468872
1858 3155370 457572394
414 418605 2236848
1756 46789967 58294290
405 5139738 11061160
332 5114706 186116930
405 35644442 419530666
819 46422642 68635122
1665 20452821 309196677
412 32711877 93013061
1122 6516858 262560122
373 59254079 410857679
1945 3403319 4518411
1490 9108736 254132944
293 6794430 55690258
1396 25759398 168915558
970 20446755 47439075
1549 3308875 6226004
878 26093040 299475376
353 30712682 34453962
1814 5148378 316616154
1252 5726688 28381358
213 14591206 16150750
160 10761716 339526244
1827 7491848 10321158
395 5157850 23792569
1335 1392040 5202838
1901 21340572 30775519
479 13167366 56400573
852 11025630 34306598
1223 3748584 8733420
1037 46931364 229103588
901 9129380 21366686
1154 75392620 161862676
697 11755008 12988750
1467 65407650 366520858
537 60981240 171735320
225 3786944 7531288
1 35021854 79647454
543 12326988 38413740
624 8021420 25994050
1329 41544223 434231887
939 52682784 66471416
1908 40012632 266123160
1885 12072192 34846736
195 39016033 88409761
545 44859462 305240246
1190 13770744 25231064
204 18265396 28515190
185 27044056 203772056
1838 20370085 53650149
1344 65667690 196378266
1481 57049256 124337320
43 14511402 273205890
826 27781724 55145584
523 48963600 126890512
415 29490085 152874045
1667 2004588 42468396
933 23543457 64738337
914 23049908 59316858
826 55145586 199599314
805 30691418 467872218
958 77146293 402483261
1836 4033556 96307668
1934 62627448 85784448
431 5342930 9117358
1780 2129445 3614830
607 18254586 62438026
1656 6499064 14012184
1901 30775521 242856921
664 701756 1459928
1700 247319 15974711
1132 42749781 349524437
707 455400 56776436
1238 425940 154242212
690 13593177 146528577
1016 7042048 610302688
1736 20938680 110202552
984 2862558 19790794
1403 13276560 31573190
947 39478389 127232157
748 719019 12957576
391 46495680 497781312
1921 13075265 30291098
1404 15082400 17237840
346 45049895 318870039
656 10393122 47825470
1598 71525408 102043808
1235 9285190 27190310
1320 6681544 47584744
536 8461512 43613412
733 12214720 64560193
451 71876750 349233014
518 2016144 60874104
833 1674722 5749324
892 18724671 67574213
320 16491330 429819714
338 7446031 22908279
764 8263650 30414306
1811 74259081 95898705
586 13641484 28116748
425 13494951 18922078
1690 219300 12719054
1281 21861476 145692196
54 58869694 84821918
1948 42921658 86855002
205 1182013 35556756
1728 20271664 51806944
350 11064530 38292962
970 9318050 20446753
1093 46486830 91402110
1045 14970900 20585010
1637 2117472 6669592
363 819740 36289038
590 15304192 276762592
479 56400575 63284088
555 14061404 66868396
111 8242218 16291378
331 22030664 46739840
891 14329167 80938719
1108 2148138 510648874
1903 1505763 7188667
1349 37506163 42600715
1211 70148272 446466112
1985 4400590 18312019
1908 9876152 40012630
1085 19147440 206825584
1988 22239222 485625846
874 1682777 14078114
1502 7911459 10280987
1250 1774576 36929254
425 47615 13494949
176 2451646 5310423
1777 1870614 5531710
1683 12621434 289090490
1873 19184796 112455972
1015 25881480 30563272
801 11440640 447797568
361 5306534 162563534
1351 13997800 23459336
1429 7167237 352249493
1376 910602 204111882
1422 631495 166929543
1403 147594 13276558
1106 42532560 207844560
1621 34215694 72724738
1481 44135168 49145254
1496 54891200 662798248
859 3398158 29769678
610 48552980 539106420
1540 52285851 76786731
1169 30350248 50019145
412 5367024 32711875
326 36808072 388398664
1621 7572292 34215692
533 20343145 82876105
1050 1720698 2524614
757 33029990 45647793
1372 20120183 36888179
650 68969880 448959320
1630 359092 927076
1065 46584648 52138078
871 28497000 177099720
475 13203556 30837372
350 187330 11064528
230 24103153 28676533
1005 59743266 185461826
1693 10179568 205273264
335 10962848 28917344
76 48018960 547228240
487 11092548 88388452
823 3364665 23989209
1901 1461024 21340570
1048 256633 48532150
1493 4779250 6135210
614 6427904 15211896
645 63688497 73611057
208 2134980 6279068
612 10034813 94327197
1147 16379664 25944584
56 34268844 57496837
1259 42841656 95399224
1675 461772 1479688
1018 11900628 173960748
1423 7039150 544852270
534 27388530 44564681
1207 62980400 72367552
1109 29256864 89167824
1729 2178606 55415526
789 37144544 49559216
16 66611552 289765088
635 7299056 231229864
1917 461384 137829464
1256 6002420 14916730
1932 6225735 88957767
777 1257126 149910694
631 547965 20537858
1777 81211404 277356444
542 4406250 494229066
1353 29903575 37658663
64 19292060 220877468
1970 12523368 20781988
1779 18621910 36817190
104 2607490 4568188
318 36772184 107862104
230 28676535 34687735
934 27532680 75212872
1037 37090165 38256949
1421 2845088 238601360
1181 1533584 231368536
194 11659012 28746702
1210 52890 22028826
1435 13657125 270194333
1815 66302244 68880204
1649 25118990 499755566
1852 8825160 215857512
543 68156032 656488512
1895 25720123 46527154
877 1618249 12317329
1275 34686806 39901054
1175 29567825 52107089
379 13289251 15131531
1989 6335284 29697043
534 22682250 27388528
1945 2559408 3403317
558 27928468 47800124
1366 58204296 412156968
482 66338080 191769504
768 1983376 50320052
213 72888520 85436824
1023 42110325 427119253
1424 24174840 207890400
1621 72724740 314185580
386 237880 24821024
257 56855853 164495957
371 546117 2139308
19 1812825 68543177
1384 43048834 121225330
930 38276526 263933022
279 55271169 84282772
1902 16761351 21619778
1454 5548152 34737624
1719 7578031 41666338
737 58471114 64212314
1096 5845052 29996956
492 7920 21621172
1161 160200 23681288
410 60156454 246722934
850 46215750 190796326
1675 1479690 76590282
1947 37063750 295947726
1256 23252538 375732986
757 15170694 20308540
622 32729557 250079269
1651 8400244 128389412
812 31070331 40711498
1880 3550398 47335790
458 21871920 160326856
1223 25706595 34362313
1530 1549625 22744981
1067 8570358 168959382
1485 11126216 154245320
1736 10827077 13662898
673 494217 6120902
58 14632 23608712
418 25651951 40093999
1748 18187938 70279698
1248 958724 10863202
1958 73962512 118949480
1701 61103350 86785654
479 63284090 153925538
1889 32007812 134658500
824 4926246 137361718
1630 927078 5430198
557 795894 2678998
1277 32174824 477057624
1030 14785134 191063086
1439 15224304 30514680
1670 7434504 426976864
1058 34939800 61445214
1822 39752832 43559934
660 32471680 67839040
1359 4448457 27915228
1456 14334159 41982529
534 44564683 276866459
975 26633064 73967696
309 72591025 128528081
1288 33105780 433298292
390 30169152 218488816
583 22857912 238629624
1749 4480266 152956170
1189 12588925 107088701
1563 955015 294389023
1631 62747680 628751440
459 23428341 36638278
1945 4518413 6176614
960 1909644 2341950
371 62574450 441492210
1658 21879074 35259842
1780 885274 2129443
103 33685860 399907548
1092 13098222 20169046
636 3785104 161348944
414 2236850 20758192
1558 9881352 215115912
862 12532928 158859968
1938 1386836 15334708
443 52628604 478174964
1887 13164720 20601700
1504 14388712 16443712
1652 20213340 28794260
1145 52158778 80115138
1655 9697212 130593756
259 11973168 115692336
782 30967352 116957792
842 13170150 49024708
1855 4038919 272192719
1084 27810445 46672981
1109 27969630 29256862
1963 29993844 35612508
1051 26901228 70138598
998 25897608 81429256
483 325535 7246934
988 33995605 34103245
1268 2468730 606919194
1047 1002672 19445836
1619 37917800 183565192
1148 6783040 248785320
1152 31267502 60927454
669 3316275 3346979
1990 7936176 265673856
45 7698504 43081520
934 4019457 27532678
1206 38225058 84009058
951 27370634 107038586
468 17481363 30765363
443 41782080 52628602
1387 36627960 273247248
725 4771426 222671354
766 15026748 189125996
525 24403398 706969958
198 55932800 252431960
1738 43121407 132726527
1925 27028170 393648522
1071 2741834 45553306
75 7957044 190552564
950 39695370 204120282
566 28612964 31406197
82 60882912 228028936
678 2365 273024349
1265 4279278 14672574
1902 21619780 107613604
1976 43365051 44776052
876 37946070 332033094
1522 18107100 580592060
369 44396572 424907572
489 70013650 87164402
1842 14815449 37740169
682 4905368 88579784
979 65512497 131657745
600 10379164 17090700
90 987376 5234266
1679 64407988 65732148
505 3832255 8120677
1989 29697045 336889645
1613 76154365 113627989
1985 18312021 118851741
160 3960126 10761714
1519 11366082 605041410
1846 15354432 199737800
435 15781248 139879376
882 25627588 55765954
824 726684 4926244
360 26538400 61138138
1493 35175483 89946043
1650 67372765 143834389
495 4727500 27045964
999 17274936 37358136
901 21366688 34857214
1848 25928396 211747500
398 35150430 88520734
1895 48874680 356824152
1118 49544040 242672808
1303 2518084 181676084
921 26312000 53964748
362 48825 21862510
323 10135200 329670816
1570 8166015 9080958
1533 2176260 68500740
1781 8341578 295608138
1928 2197955 2860258
452 2316742 40129222
429 726462 136306926
1338 66453687 90013223
444 4841250 74932882
1048 48532152 254412024
1938 57265650 394017570
841 11163770 18781774
929 24637262 63391054
956 2227612 88474836
1125 5509623 60034863
363 36289040 46590640
453 21226932 37444084
782 4411680 30967350
683 373240 1254608
878 2611143 5942727
611 1305828 72007668
245 51215740 166413580
1179 134844 269649660
751 49232374 556909478
420 16966962 46250938
733 64560195 79198403
1245 28656419 238557955
475 34135722 166123578
1224 11187684 207293604
1974 48010872 294165112
1254 63664 9232264
1911 53012244 117953796
982 7907424 8903744
217 61250 291417890
1939 37420398 333982254
1240 66464368 348809200
1620 622782 21533587
821 29870295 145906911
424 774969 30713465
53 32796500 162663548
1211 10287486 70148270
589 24659856 228718480
1002 8195524 22318382
1852 1936214 8825158
28 2996360 5878732
41 29431099 191651979
892 67574215 254311887
1674 47723744 402836744
402 61332162 254252098
411 15061962 312340170
905 12517056 161760752
323 170357 1732821
1570 9080960 47928304
1579 33135073 144959137
649 262486 24735382
1438 42823 4733902
226 16877504 88884080
1706 48568064 61162936
1832 10643192 17897683
986 6040350 19072926
1655 3194802 9697210
1326 1067078 2409046
1620 21533589 324809829
1543 37509959 361067303
1809 12429360 15683656
1121 38218364 75095164
1927 17498220 99908556
335 62775430 609942382
1443 508312 53516152
244 56724210 166632802
725 1393566 2359282
1332 6667430 96527710
718 3067518 8776590
267 17028600 64896112
366 32424449 140844289
1144 29927920 41123560
1944 13780114 87888962
431 9117360 87504200
1536 12453416 29864718
1248 33758800 39230384
1517 35614675 339599971
406 59021676 76336380
1314 25929528 551968944
1302 5468580 215163868
1223 34362315 99302571
1121 75095166 315033374
794 2142954 151716954
1658 114027 21879072
1357 6679347 17291571
1727 6086145 11062570
964 4057770 4644858
1918 7434405 20970621
941 3787569 238170705
981 39016432 50315808
1994 6275568 44873738
771 18973488 65471280
1439 5315050 13725130
952 28345815 41856519
133 111690 17019834
1011 11725155 134335331
365 13102750 329472150
1888 6560428 67839244
44 4583671 120952631
283 21163380 62597420
1267 8331637 14515999
537 16588108 60981238
936 35397250 219110530
1556 51449328 481423176
181 46108332 89232556
1402 31649662 304271950
1783 10325712 100207728
1799 28863828 269138436
919 3200261 9737778
1756 58294292 450594108
169 39286036 81530356
1668 9973134 18925110
231 42088344 141104568
1418 72455140 77022020
351 47851653 134982389
1957 21811744 47672149
1324 29945493 37942694
375 6929234 471472210
961 9776140 32391372
664 4763736 153200024
1730 12207454 367015518
395 50400955 61808938
1102 149634 121036946
1216 33999964 593076188
1822 21590877 26814324
972 1472275 34032179
644 11185824 387046632
56 57496839 189769879
919 9737780 11820098
135 21584440 242004632
1086 70304810 302017130
1465 46520292 50342462
1090 67296180 462783444
1383 16482880 204207168
1002 30612978 350021106
1314 14077591 25929526
1873 51852 19184794
52 16911840 88657376
975 3041980 7628062
1975 13249840 240367600
1065 52138080 58906368
793 18864153 474563449
1310 17423838 43468384
1907 18754080 60278397
1446 2557600 3787680
1385 28677600 265100864
887 81851451 375965371
1748 2431680 18187936
1565 29059470 60465982
1708 3743012 105224580
89 15165271 28423342
692 22077120 39335518
1806 39030264 47914584
547 19198650 87787450
1283 66532340 99151420
150 21169573 50380933
396 4806368 372716768
1900 8282808 120405448
209 28220295 43324839
1593 45650814 221808214
950 3062965 39695368
1718 34015322 40828954
1994 44873740 47047756
1887 20601702 27557273
196 29965110 134771606
1528 37292411 124610123
486 18466032 53151672
901 34857216 199084216
1633 73079090 82608386
320 9336112 16491328
370 7307112 25870542
856 8202744 21675828
502 5468586 110417946
33 25274855 123966791
1264 3414705 364836633
79 18151475 45884902
1459 6439296 414476688
630 3195195 95708283
1347 814209 8186497
830 21002220 42973864
1702 13026050 14916610
1284 9867638 11630798
67 28681788 167886348
1253 30963150 34473150
1111 279310 3423022
615 38019555 163731987
1300 1357345 24067600
1476 20935013 248463445
1023 7036320 42110323
558 3814232 8999307
445 19361529 364575353
1491 75102060 157919340
827 20902528 24781312
95 470032 677232
1740 29811179 32079419
60 17992492 355662580
650 4055282 68969878
192 2288034 251905410
750 21666840 24347542
996 70483527 268600359
211 11219276 249737476
903 4017709 34465050
778 56675201 65124001
153 24986607 50891759
1829 53684077 225062757
469 11536336 37524268
535 3470400 43104503
329 352458 172006298
966 9834590 423019422
1775 14707575 80052855
833 5749326 55159253
897 17004003 25436118
1479 33644088 691516248
409 27446673 534351753
679 64130022 83263182
1 25453046 35021852
222 63453872 155651760
1248 10863204 30803911
687 5135338 17665906
581 396812 651697812
1829 2515792 53684075
1907 60278399 372529559
67 6304956 28681786
1160 60386010 63868650
740 18862150 26690630
1136 8349025 351200065
725 2359284 4771424
615 37476426 38019553
1473 35597250 303963810
845 26707823 151929823
342 18949406 29476302
1106 8752972 42532558
342 29476304 38495260
1602 15448665 38050048
627 1076778 167225898
635 1788722 7299054
1996 77821616 231011936
1550 3976776 17667848
215 13562217 413316009
1454 4881396 5548150
1521 11205806 309291534
157 2011538 3685154
1077 50403430 252297558
1474 569723 2332174
262 27749140 56876732
503 54697742 80462222
1141 20048828 341218572
1090 14976000 17805888
530 55112616 502756152
1531 16379508 224549524
1272 2476462 205999598
88 34208304 235882632
1544 18184662 35113278
162 10602700 41039190
1507 10633832 27925852
14 21593980 392880980
203 18844704 212767488
1690 12719056 17911056
647 2376438 236231022
153 2730480 24986605
565 32643995 47460107
1149 10161790 313732222
1319 19302660 30273268
1877 62588988 217734588
598 11859717 295817645
814 2096110 7571878
465 21259112 41414228
1477 32608296 51571152
1623 3686396 35595260
988 1242600 33995603
1059 2444832 358504632
1723 5964090 305113722
50 1929642 146522250
1453 28449792 28505472
1617 42748496 43173752
1324 40406240 462729184
343 6650380 636955444
49 9301303 39220087
1795 4032294 30715774
1575 6846180 509947204
1223 8733422 25706593
1326 6599304 25350216
603 33850332 45909824
500 6155424 606365576
800 23965200 63433048
1381 46502599 131776711
1528 31907912 37292409
204 28515192 54905320
76 20836178 48018958
1724 2892780 366695564
4 5922630 11886198
1734 7348731 25420437
246 47317118 358775942
851 23197798 202474022
1654 34150600 121597432
1884 2696270 3753814
1137 13072100 444862756
1584 53679538 164980018
186 2755956 241970628
135 3194484 21584438
698 35237568 395409568
562 5915232 334866992
1962 2199234 52560653
1864 14161965 18711034
749 54451625 57195295
1591 6084672 84298688
1891 13184920 19236318
1183 4456868 16862232
1419 55678941 56817141
47 9723871 20822110
780 1044850 37025458
