989
754 842
791 379
631 893
627 698
971 31
728 830
840 844
776 687
900 515
126 944
753 51
387 199
568 560
19 182
947 113
368 228
15 588
722 432
12 970
668 149
195 48
473 511
828 60
728 198
267 850
507 778
9 260
664 780
781 885
732 786
576 601
532 42
710 60
170 453
474 17
101 634
365 559
626 717
803 927
617 9
451 754
932 978
778 505
847 526
627 813
160 883
539 467
875 457
642 912
716 297
605 322
935 353
46 509
325 464
386 979
645 548
947 429
711 812
788 527
86 960
159 894
604 810
543 119
552 421
841 548
974 964
314 600
743 553
249 189
55 613
939 445
569 318
845 790
823 977
155 743
61 875
525 637
346 461
798 963
232 163
577 583
728 399
409 872
334 52
115 119
872 1
949 156
439 377
384 523
796 122
28 392
477 486
821 294
546 696
203 55
131 583
527 977
216 182
498 496
338 170
938 534
702 224
126 980
762 410
61 755
155 162
7 560
148 733
586 478
968 399
597 813
52 695
899 431
415 664
381 348
65 131
548 157
951 185
494 852
350 189
751 104
129 427
31 204
953 170
704 848
573 418
873 654
893 564
987 685
835 865
251 828
874 592
342 82
981 22
595 538
252 320
347 989
687 378
528 249
390 652
529 156
984 441
314 933
11 1
372 717
343 226
553 367
926 115
168 300
513 551
940 126
256 976
529 386
436 874
551 665
355 727
143 561
551 199
418 658
942 515
451 121
263 898
133 43
643 130
487 824
473 649
391 216
967 655
510 338
949 431
769 356
666 242
321 916
154 726
621 529
30 543
206 801
102 549
649 621
904 680
788 601
763 141
53 919
611 584
84 641
82 196
380 941
65 70
904 324
748 59
212 737
919 560
537 246
160 363
744 274
440 714
254 236
2 350
153 615
289 365
475 160
99 464
310 590
1 439
933 520
205 739
233 344
896 694
224 346
271 227
413 324
316 159
565 877
632 732
99 649
252 291
248 882
665 65
783 460
613 389
981 334
727 113
777 759
562 935
305 215
766 428
546 655
680 392
668 703
554 419
283 117
433 829
237 389
416 395
977 274
475 949
928 108
299 674
79 256
24 483
563 727
939 595
410 781
692 965
808 530
84 353
36 70
821 544
696 45
17 244
590 700
464 125
816 377
827 745
523 627
631 380
856 546
215 599
355 392
546 496
394 204
527 130
88 802
956 761
254 857
27 932
596 115
749 195
791 642
860 1
78 917
837 302
692 947
975 717
738 11
223 306
373 854
584 548
414 977
107 699
163 877
275 778
17 165
781 800
267 79
461 380
341 588
123 436
613 628
979 397
265 814
869 294
963 440
758 761
976 965
334 432
761 629
882 531
553 836
415 327
807 576
283 626
553 794
112 72
763 686
549 292
645 146
747 631
314 542
611 367
877 159
181 896
254 54
941 94
293 300
903 754
760 253
724 925
270 154
629 635
615 89
467 49
346 331
550 824
47 311
861 854
904 87
761 170
783 528
902 196
774 347
930 530
130 595
433 760
130 698
240 711
857 612
859 415
606 484
509 49
222 683
619 355
77 459
655 882
159 854
158 195
517 42
831 878
301 908
884 477
190 947
340 732
881 393
388 282
320 25
882 440
840 369
627 64
643 325
13 265
421 333
417 239
371 126
375 287
946 122
459 909
834 781
148 697
749 726
176 259
637 853
783 85
630 453
464 122
20 514
277 265
640 16
545 778
780 80
623 303
558 530
45 127
139 759
271 866
362 560
239 580
616 25
863 549
173 500
770 138
560 984
325 720
829 157
618 875
760 932
223 267
861 403
365 892
84 487
506 829
96 388
565 407
645 916
493 130
875 572
331 806
693 181
963 738
625 823
335 323
862 533
10 487
551 872
399 475
130 734
169 642
128 315
157 401
326 389
456 648
735 572
350 323
945 989
388 901
684 818
256 260
356 447
1 918
915 474
478 469
109 203
909 368
173 103
84 433
213 754
236 948
983 276
447 451
175 154
411 684
840 130
861 258
221 902
415 525
74 899
53 810
959 622
381 35
441 936
859 945
430 529
626 960
371 876
527 786
499 28
771 142
431 480
172 476
825 822
202 463
188 973
799 281
199 292
443 427
834 288
509 108
263 608
229 463
939 273
881 719
807 913
52 364
474 173
336 158
185 112
112 53
773 545
536 266
968 97
280 869
477 938
872 202
633 357
617 881
665 781
330 648
69 398
704 535
530 270
307 562
410 346
506 220
481 635
268 714
700 39
458 170
674 264
741 918
967 681
321 388
976 265
43 652
261 987
381 969
748 759
963 647
363 115
944 818
911 570
828 266
790 210
362 714
604 9
54 815
788 722
204 7
515 365
778 739
869 186
687 753
819 428
852 416
245 422
812 346
673 765
862 922
315 76
379 668
275 326
950 507
877 8
620 887
37 645
289 603
289 573
192 288
550 47
598 565
908 179
542 408
402 900
748 200
929 95
622 264
196 430
80 754
507 927
44 818
17 957
698 888
440 875
398 944
396 601
24 674
403 118
651 345
637 109
237 987
918 639
250 359
766 72
45 337
685 475
617 364
556 944
923 674
298 531
367 470
908 280
927 15
383 102
478 881
851 435
105 887
567 7
249 221
820 664
382 598
891 759
120 868
302 345
708 643
418 280
541 906
976 795
148 520
474 662
124 270
853 281
753 632
295 549
227 524
783 982
594 271
489 431
705 795
282 647
403 125
804 800
232 956
895 215
714 358
40 1
556 471
444 979
45 689
403 421
818 827
663 577
239 478
468 131
186 422
729 784
816 161
508 177
173 33
366 769
254 800
576 537
804 677
683 714
843 174
914 473
786 228
961 419
320 393
87 181
14 101
854 332
726 378
852 169
116 739
418 410
832 493
460 476
746 978
133 907
429 712
613 247
562 111
141 434
262 43
19 61
483 405
206 449
929 558
23 342
371 167
851 818
157 574
1 579
381 346
620 116
436 373
520 575
231 429
102 296
353 867
24 205
397 177
484 70
982 940
944 884
214 277
737 945
852 127
493 68
904 142
598 107
256 566
316 624
193 26
555 27
457 492
125 285
819 600
466 709
417 329
104 533
541 581
330 356
468 822
452 61
849 932
659 369
533 115
449 392
585 327
801 970
711 691
958 637
961 596
448 862
623 48
184 193
59 301
661 96
898 273
541 103
81 530
594 216
519 67
124 775
523 442
817 388
730 904
145 284
983 886
88 977
257 791
791 194
577 646
444 42
662 465
47 219
561 776
717 867
310 303
108 608
561 843
937 903
128 741
928 482
80 103
757 231
873 258
147 662
218 472
298 57
417 845
686 490
971 234
750 398
742 438
768 930
1 133
15 412
737 343
818 512
334 242
870 341
400 98
914 191
622 740
434 809
166 470
573 279
555 145
4 664
70 729
241 538
310 686
857 709
301 317
795 578
151 709
20 865
328 786
164 122
3 620
954 493
217 783
276 760
302 661
404 100
116 752
725 711
689 420
510 183
987 868
297 832
826 379
472 903
73 117
252 599
572 230
756 530
213 848
491 89
56 482
526 634
765 715
359 689
313 240
145 504
201 775
8 878
921 302
613 656
286 761
688 416
171 967
24 518
71 527
403 707
861 375
190 290
32 262
93 182
917 392
728 772
399 787
892 14
385 438
596 106
712 792
871 588
540 519
570 667
972 577
455 809
922 582
985 560
385 619
235 989
682 906
173 671
874 640
122 406
829 251
715 139
378 497
153 176
187 135
609 340
164 966
317 443
514 139
131 723
731 934
519 345
105 110
974 127
425 593
92 363
140 761
636 826
309 888
418 18
296 657
833 305
360 385
890 941
533 676
395 6
135 875
376 290
46 736
893 589
706 305
583 587
896 610
304 778
782 172
952 225
625 184
182 879
288 770
504 910
931 602
709 136
967 424
479 593
92 593
454 630
90 276
23 797
5 139
503 770
536 569
571 269
629 66
400 111
405 211
401 446
319 511
412 134
454 38
724 818
332 839
495 850
889 583
532 644
880 861
405 485
100 459
793 842
464 63
58 259
788 678
988 566
846 956
843 858
785 139
798 501
521 507
492 208
450 510
293 17
114 873
591 67
425 952
486 718
731 851
911 51
943 825
423 317
605 61
819 357
312 901
358 178
455 931
166 176
610 924
713 86
405 278
437 204
141 21
75 214
946 144
388 672
386 679
321 50
855 781
701 658
163 152
446 670
254 91
838 39
522 540
557 927
690 437
180 70
710 41
308 32
83 985
381 721
750 62
77 920
476 272
81 864
571 509
810 638
636 370
556 344
363 426
511 650
652 547
351 4
775 255
936 488
767 968
374 28
88 188
607 978
29 256
869 905
805 160
955 541
789 400
562 339
986 560
779 560
107 675
669 310
462 644
713 150
51 243
209 566
28 764
811 150
354 145
744 207
697 34
614 59
498 132
231 197
352 73
24 349
516 163
72 137
962 322
650 897
664 361
592 238
660 944
653 518
502 872
