91
23 58
19 1
75 66
71 3
23 38
28 90
26 44
34 50
71 64
19 50
15 25
27 15
30 2
8 79
25 7
20 6
51 18
8 50
71 4
39 43
40 81
1 56
36 13
43 55
3 57
38 29
69 85
11 68
3 68
54 18
46 29
72 8
78 58
36 8
55 87
90 55
12 11
12 52
53 17
40 52
60 43
19 35
78 17
77 20
19 53
62 70
85 1
7 84
57 76
5 42
68 86
60 74
32 81
29 30
60 3
62 24
51 78
54 25
42 66
27 71
45 28
1 62
52 82
91 6
36 16
83 58
17 47
18 26
22 41
10 71
53 42
91 75
78 31
34 14
67 85
84 73
9 40
21 85
48 23
58 49
49 80
22 1
88 29
61 69
89 82
57 59
33 58
63 85
65 46
64 37
